#chr pos id ref alt af T1D T2D.diagram T2d.diamant T1D.weight T2D.diagram.or T2d.diamant.or
1 40035928 rs3768321 G T 0.181891 0 0 1 0 0 0.08617769624105241
1 51256091 rs58432198 C T 0.113736 0 0 1 0 0 0.06765864847381486
1 62579891 rs12140153 G T 0.0714814 0 0 1 0 0 0.06765864847381486
1 114377568 rs2476601 A G 0.91717 1 0 0 0.67 0 0
1 115144899 rs184660829 T C 0.000215584 0 0 1 0 0 2.0856720914304723
1 117532790 rs1127215 C T 0.399245 0 0 1 0 0 0.04879016416943205
1 120517959 rs10923931 G T 0.114459 0 1 0 0 0.0769610411361284 0
1 120526982 rs1493694 C T 0.120727 0 0 1 0 0 0.08617769624105241
1 150786038 rs10305745 G A 0.00736064 0 0 1 0 0 0.2468600779315258
1 151017991 rs145904381 T C 0.00987065 0 0 1 0 0 0.17395330712343798
1 177889025 rs539515 A C 0.179227 0 0 1 0 0 0.04879016416943205
1 205114873 rs12048743 C G 0.458962 0 0 1 0 0 0.03922071315328133
1 206593900 rs9430095 C G 0.479427 0 0 1 0 0 0.03922071315328133
1 206939904 rs3024505 G A 0.147798 1 0 0 0.17 0 0
1 214150821 rs79687284 G C 0.0306283 0 0 1 0 0 0.14842000511827322
1 214154719 rs2075423 G T 0.363043 0 1 0 0 0.06765864847381486 0
1 214159256 rs340874 T C 0.515214 0 1 1 0 0.06765864847381486 0.06765864847381486
1 214175531 rs114526150 T G 0.0194641 0 0 1 0 0 0.11332868530700327
1 219584164 rs553014999 T C 0.00026178 0 0 1 0 0 0.6418538861723947
1 219748818 rs2820446 C G 0.276578 0 0 1 0 0 0.058268908123975824
1 229672955 rs348330 G A 0.612288 0 0 1 0 0 0.04879016416943205
1 235690800 rs291367 G A 0.357607 0 0 1 0 0 0.03922071315328133
2 422144 rs62107261 T C 0.042008 0 0 1 0 0 0.11332868530700327
2 653575 rs35913461 C T 0.172344 0 0 1 0 0 0.058268908123975824
2 16574669 rs11680058 G A 0.843979 0 0 1 0 0 0.058268908123975824
2 25643221 rs17802463 G T 0.260979 0 0 1 0 0 0.03922071315328133
2 27730940 rs1260326 T C 0.59518 0 0 1 0 0 0.06765864847381486
2 27741237 rs780094 T C 0.602448 0 1 0 0 0.058268908123975824 0
2 43207872 rs28525376 G T 0.594379 0 0 1 0 0 0.02955880224154443
2 43430440 rs6708643 G A 0.518941 0 0 1 0 0 0.03922071315328133
2 43618819 rs11899863 C T 0.0847552 0 1 0 0 0.13976194237515863 0
2 43690030 rs10203174 C T 0.108901 0 1 0 0 0.131028262406404 0
2 43698028 rs80147536 A T 0.0831691 0 0 1 0 0 0.12221763272424911
2 58981064 rs10193538 G T 0.589637 0 0 1 0 0 0.03922071315328133
2 59307725 rs6545714 G A 0.607453 0 0 1 0 0 0.03922071315328133
2 60568745 rs243088 A T 0.465614 0 1 0 0 0.06765864847381486 0
2 60583665 rs243024 G A 0.454697 0 0 1 0 0 0.058268908123975824
2 60584819 rs243021 G A 0.461703 0 1 0 0 0.08617769624105241 0
2 60585806 rs243019 T C 0.461565 0 1 0 0 0.06765864847381486 0
2 65287896 rs2249105 A G 0.378996 0 0 1 0 0 0.09531017980432493
2 65355270 rs2052261 G A 0.687666 0 0 1 0 0 0.06765864847381486
2 65655012 rs2028150 C G 0.414367 0 0 1 0 0 0.04879016416943205
2 96913918 rs79046683 G T 0.00192485 0 0 1 0 0 0.85015092936961
2 118071061 rs562386202 A G 0.000215584 0 0 1 0 0 1.1631508098056809
2 121318166 rs11688931 C G 0.141053 0 0 1 0 0 0.03922071315328133
2 121347612 rs11688682 G C 0.247921 0 0 1 0 0 0.04879016416943205
2 121378852 rs66477705 T C 0.0368186 0 0 1 0 0 0.08617769624105241
2 147861633 rs35999103 C T 0.152017 0 0 1 0 0 0.04879016416943205
2 158339550 rs13426680 A G 0.0691561 0 0 1 0 0 0.08617769624105241
2 161135544 rs3772071 C T 0.703034 0 0 1 0 0 0.04879016416943205
2 161171454 rs7593730 T C 0.783646 0 1 0 0 0.10436001532424286 0
2 161192070 rs4410242 A G 0.783693 0 1 0 0 0.03922071315328133 0
2 161346447 rs7569522 A G 0.543717 0 1 0 0 0.04879016416943205 0
2 163124051 rs1990760 C T 0.566477 1 0 0 0.15 0 0
2 165501849 rs3923113 A C 0.370711 0 1 0 0 0.06765864847381486 0
2 165513091 rs10195252 T C 0.405189 0 0 1 0 0 0.06765864847381486
2 165528876 rs13389219 C T 0.395981 0 1 0 0 0.06765864847381486 0
2 165573194 rs13024606 C T 0.0460425 0 0 1 0 0 0.08617769624105241
2 204738919 rs3087243 G A 0.441993 1 0 0 0.2 0 0
2 219859171 rs113414093 G A 0.0472128 0 0 1 0 0 0.11332868530700327
2 227020653 rs7578326 A G 0.351247 0 1 0 0 0.0769610411361284 0
2 227093585 rs2943640 A C 0.654512 0 1 0 0 0.09531017980432493 0
2 227101411 rs2972144 A G 0.64033 0 0 1 0 0 0.09531017980432493
3 12289800 rs13081389 A G 0.0560209 0 1 0 0 0.11332868530700327 0
3 12336507 rs11709077 G A 0.110487 0 0 1 0 0 0.131028262406404
3 12393125 rs1801282 C G 0.110964 0 1 0 0 0.12221763272424911 0
3 12489342 rs17819328 T G 0.41717 0 0 1 0 0 0.058268908123975824
3 23336450 rs7612463 C A 0.127179 0 1 0 0 0.09531017980432493 0
3 23454790 rs1496653 A G 0.221143 0 1 0 0 0.08617769624105241 0
3 23455582 rs35352848 T C 0.220804 0 0 1 0 0 0.06765864847381486
3 23510044 rs17013314 A G 0.0267324 0 0 1 0 0 0.10436001532424286
3 46925539 rs11926707 T C 0.607669 0 0 1 0 0 0.23901690047049992
3 47242923 rs75423501 A G 0.0781491 0 0 1 0 0 0.04879016416943205
3 49980596 rs4688760 C T 0.676163 0 0 1 0 0 0.03922071315328133
3 53127677 rs2581787 G T 0.554265 0 0 1 0 0 0.03922071315328133
3 54828827 rs76263492 G T 0.04421 0 0 1 0 0 0.08617769624105241
3 63827381 rs13059603 G A 0.750477 0 1 0 0 0.0 0
3 63962339 rs3774723 G A 0.172759 0 0 1 0 0 0.06765864847381486
3 64048297 rs831571 T C 0.810086 0 1 0 0 0.02955880224154443 0
3 64090363 rs12497268 G C 0.172852 0 1 0 0 0.02955880224154443 0
3 64460694 rs74368513 G A 0.0026794 0 0 1 0 0 0.2700271372130602
3 64701146 rs9860730 A G 0.339375 0 0 1 0 0 0.058268908123975824
3 64705365 rs6795735 C T 0.444888 0 1 0 0 0.0769610411361284 0
3 72865183 rs13085136 C T 0.0639667 0 0 1 0 0 0.0769610411361284
3 77671721 rs2272163 C A 0.392285 0 0 1 0 0 0.03922071315328133
3 123065778 rs11708067 A G 0.202248 0 1 1 0 0.10436001532424286 0.08617769624105241
3 123082398 rs11717195 T C 0.206498 0 1 0 0 0.10436001532424286 0
3 124926637 rs649961 T C 0.562535 0 0 1 0 0 0.03922071315328133
3 129333182 rs9828772 C G 0.106683 0 0 1 0 0 0.058268908123975824
3 129470067 rs559138871 C T 0.00103172 0 0 1 0 0 0.3987761199573678
3 150066540 rs62271373 T A 0.0539113 0 0 1 0 0 0.08617769624105241
3 152417881 rs74653713 C A 0.0384971 0 0 1 0 0 0.09531017980432493
3 152433628 rs35497231 C T 0.680844 0 0 1 0 0 0.03922071315328133
3 168218841 rs7629630 A T 0.14806 0 0 1 0 0 0.04879016416943205
3 170733076 rs9873618 G A 0.301047 0 0 1 0 0 0.06765864847381486
3 183738460 rs2872246 A C 0.568802 0 0 1 0 0 0.03922071315328133
3 185503456 rs6780171 T A 0.316739 0 0 1 0 0 0.131028262406404
3 185511687 rs4402960 G T 0.316939 0 1 0 0 0.12221763272424911 0
3 185514421 rs150111048 A G 0.00532799 0 0 1 0 0 0.11332868530700327
3 185529080 rs1470579 A C 0.325069 0 1 0 0 0.11332868530700327 0
3 185530290 rs6769511 T C 0.325023 0 1 0 0 0.12221763272424911 0
3 185541213 rs11717959 G T 0.376147 0 0 1 0 0 0.03922071315328133
3 185829891 rs1516728 T A 0.752803 0 0 1 0 0 0.02955880224154443
3 186613409 rs17301514 G A 0.107006 0 1 0 0 0.04879016416943205 0
3 186665645 rs3887925 C T 0.533323 0 0 1 0 0 0.06765864847381486
3 186666461 rs16861329 C T 0.139406 0 1 0 0 0.02955880224154443 0
3 186675277 rs7645517 G A 0.0691407 0 0 1 0 0 0.0769610411361284
3 187740899 rs4686471 T C 0.62721 0 0 1 0 0 0.058268908123975824
4 616608 rs111827885 T C 0.0150293 0 0 1 0 0 0.16551443847757333
4 744972 rs1531583 G T 0.045057 0 0 1 0 0 0.12221763272424911
4 1010077 rs35654957 T C 0.367801 0 0 1 0 0 0.02955880224154443
4 1293245 rs6819243 T C 0.0498614 0 1 0 0 0.06765864847381486 0
4 1784403 rs56337234 C T 0.490853 0 0 1 0 0 0.058268908123975824
4 3241845 rs362307 C T 0.0633354 0 0 1 0 0 0.0769610411361284
4 6289986 rs4458523 T G 0.606391 0 1 0 0 0.09531017980432493 0
4 6302519 rs1801212 G A 0.728457 0 0 1 0 0 0.04879016416943205
4 6303022 rs1801214 C T 0.610949 0 1 0 0 0.09531017980432493 0
4 6306763 rs10937721 G C 0.604327 0 0 1 0 0 0.058268908123975824
4 17792869 rs12640250 A C 0.710363 0 0 1 0 0 0.03922071315328133
4 45186139 rs10938398 G A 0.4245 0 0 1 0 0 0.04879016416943205
4 52818664 rs2102278 A G 0.326486 0 0 1 0 0 0.03922071315328133
4 53207093 rs114447556 C T 0.0810286 0 0 1 0 0 0.058268908123975824
4 89740894 rs1903002 C G 0.531614 0 0 1 0 0 0.03922071315328133
4 89857291 rs576406049 C T 0.000769941 0 0 1 0 0 0.5007752879124892
4 95091911 rs6821438 A G 0.458808 0 0 1 0 0 0.03922071315328133
4 104140848 rs1580278 C A 0.550739 0 0 1 0 0 0.03922071315328133
4 123377980 rs2069762 A C 0.301432 1 0 0 0.11 0 0
4 137083193 rs1296328 A C 0.51891 0 0 1 0 0 0.03922071315328133
4 153513369 rs7669833 T A 0.312519 0 0 1 0 0 0.058268908123975824
4 157652753 rs28819812 C A 0.335725 0 0 1 0 0 0.03922071315328133
4 185717759 rs58730668 T C 0.132676 0 0 1 0 0 0.06765864847381486
5 14610134 rs3845281 G A 0.099769 0 0 1 0 0 0.0769610411361284
5 14753745 rs17250977 A G 0.0414844 0 0 1 0 0 0.11332868530700327
5 14768092 rs6885132 C G 0.111488 0 0 1 0 0 0.06765864847381486
5 14768766 rs76549217 C T 0.0279951 0 0 1 0 0 0.131028262406404
5 44534364 rs62368490 C T 0.0235756 0 0 1 0 0 0.09531017980432493
5 44682589 rs6884702 A G 0.409224 0 0 1 0 0 0.03922071315328133
5 51791225 rs17261179 T C 0.469125 0 0 1 0 0 0.03922071315328133
5 52100489 rs3811978 A G 0.173391 0 0 1 0 0 0.058268908123975824
5 52315682 rs62357230 G A 0.0306591 0 0 1 0 0 0.08617769624105241
5 52774510 rs62370480 G A 0.204142 0 0 1 0 0 0.03922071315328133
5 53271420 rs702634 G A 0.703311 0 0 1 0 0 0.04879016416943205
5 53412620 rs279744 C A 0.300493 0 0 1 0 0 0.03922071315328133
5 55806751 rs459193 A G 0.729073 0 1 0 0 0.0769610411361284 0
5 55808475 rs465002 C T 0.727364 0 0 1 0 0 0.10436001532424286
5 55848669 rs2431115 A G 0.58879 0 0 1 0 0 0.03922071315328133
5 55861595 rs9687832 G A 0.209178 0 0 1 0 0 0.0769610411361284
5 56196604 rs96844 G A 0.721974 0 0 1 0 0 0.03922071315328133
5 67714246 rs4976033 A G 0.425608 0 0 1 0 0 0.04879016416943205
5 75003678 rs2307111 T C 0.41834 0 0 1 0 0 0.04879016416943205
5 76424949 rs4457053 G A 0.708362 0 1 1 0 0.08617769624105241 0.058268908123975824
5 76427311 rs6878122 G A 0.710055 0 1 0 0 0.09531017980432493 0
5 78430607 rs1316776 C A 0.350385 0 0 1 0 0 0.04879016416943205
5 86577352 rs7719891 A G 0.266816 0 0 1 0 0 0.03922071315328133
5 101232944 rs138337556 A G 0.00195565 0 0 1 0 0 0.44468582126144574
5 102338739 rs78408340 C G 0.00488143 0 0 1 0 0 0.3852624007906449
5 102422968 rs115505614 C T 0.0378811 0 0 1 0 0 0.17395330712343798
5 133414622 rs244665 G A 0.704881 0 0 1 0 0 0.02955880224154443
5 133864599 rs329122 G A 0.428057 0 0 1 0 0 0.03922071315328133
5 157928196 rs3934712 T C 0.224207 0 0 1 0 0 0.04879016416943205
6 7035734 rs112498319 C A 0.56041 0 0 1 0 0 0.02955880224154443
6 7231843 rs9379084 G A 0.120434 0 0 1 0 0 0.10436001532424286
6 7255650 rs9505097 C T 0.179643 0 0 1 0 0 0.04879016416943205
6 20679709 rs7756992 A G 0.297505 0 1 1 0 0.1570037488096647 0.13976194237515863
6 20686996 rs9368222 C A 0.279982 0 1 0 0 0.1570037488096647 0
6 20688121 rs10440833 T A 0.28206 0 1 0 0 0.19885085874516517 0
6 29939900 rs1264813 C T 0.11968 1 0 0 0.43 0 0
6 31431780 rs2395029 T G 0.0319988 1 0 0 0.92 0 0
6 32413545 rs3129889 G A 0.883662 1 0 0 2.7 0 0
6 32573415 rs601945 A G 0.153773 0 0 1 0 0 0.058268908123975824
6 32605884 rs2187668 C T 0.137111 1 0 0 3.87 0 0
6 32681483 rs7454108 T C 0.0986449 1 0 0 3.87 0 0
6 34247047 rs77136196 C T 0.0302895 0 0 1 0 0 0.10436001532424286
6 34524698 rs2233632 C T 0.665399 0 0 1 0 0 0.03922071315328133
6 38106844 rs9470794 T C 0.0993994 0 1 0 0 0.009950330853168092 0
6 38177667 rs4299828 G A 0.803804 0 1 0 0 0.03922071315328133 0
6 39304211 rs3734621 A C 0.040037 0 1 0 0 0.06765864847381486 0
6 40409243 rs34298980 T C 0.499045 0 0 1 0 0 0.03922071315328133
6 43760327 rs11967262 C G 0.485186 0 0 1 0 0 0.03922071315328133
6 43814190 rs6458354 C T 0.712165 0 0 1 0 0 0.04879016416943205
6 50788778 rs3798519 A C 0.177502 0 0 1 0 0 0.058268908123975824
6 51180765 rs2465043 G A 0.376717 0 0 1 0 0 0.02955880224154443
6 67387490 rs555402748 C T 0.00026178 0 0 1 0 0 1.3001916620664788
6 90958231 rs11755527 C G 0.435618 1 0 0 0.12 0 0
6 107431688 rs4946812 G A 0.305174 0 0 1 0 0 0.03922071315328133
6 126698719 rs9388489 A G 0.479335 1 0 0 0.16 0 0
6 126792095 rs11759026 A G 0.242917 0 0 1 0 0 0.06765864847381486
6 127416930 rs2800733 A G 0.27045 0 0 1 0 0 0.04879016416943205
6 137300960 rs9494624 A G 0.719634 0 0 1 0 0 0.03922071315328133
6 139835329 rs2982521 A T 0.617647 0 0 1 0 0 0.04879016416943205
6 140249466 rs616279 G A 0.742763 0 0 1 0 0 0.03922071315328133
6 160770312 rs474513 A G 0.485602 0 0 1 0 0 0.03922071315328133
6 164133001 rs4709746 C T 0.129843 0 0 1 0 0 0.058268908123975824
7 14898282 rs17168486 C T 0.183385 0 1 1 0 0.10436001532424286 0.06765864847381486
7 15052860 rs6960043 T C 0.493009 0 1 0 0 0.058268908123975824 0
7 15063569 rs10228066 C T 0.54033 0 0 1 0 0 0.06765864847381486
7 15064309 rs2191349 G T 0.540391 0 1 0 0 0.04879016416943205 0
7 15206239 rs2908334 C T 0.626609 0 0 1 0 0 0.02955880224154443
7 23434606 rs78840640 C G 0.021312 0 0 1 0 0 0.10436001532424286
7 23512896 rs4279506 G C 0.409285 0 0 1 0 0 0.058268908123975824
7 28196222 rs849134 A G 0.481783 0 1 0 0 0.11332868530700327 0
7 28196413 rs849135 G A 0.47376 0 1 0 0 0.10436001532424286 0
7 28198677 rs1708302 C T 0.472251 0 0 1 0 0 0.09531017980432493
7 30728452 rs917195 C T 0.24133 0 0 1 0 0 0.04879016416943205
7 44235668 rs4607517 G A 0.169079 0 1 0 0 0.0769610411361284 0
7 44245363 rs10278336 A G 0.422852 0 1 0 0 0.06765864847381486 0
7 44255643 rs878521 G A 0.259085 0 0 1 0 0 0.058268908123975824
7 44365549 rs116913033 C T 0.149415 0 0 1 0 0 0.03922071315328133
7 51027194 rs4948088 A C 0.962488 1 0 0 0.26 0 0
7 102038318 rs56376556 C T 0.0383893 0 0 1 0 0 0.0769610411361284
7 102486254 rs11496066 T C 0.183246 0 0 1 0 0 0.0769610411361284
7 102987583 rs62482405 T G 0.0776563 0 0 1 0 0 0.04879016416943205
7 103444978 rs39328 C T 0.417755 0 0 1 0 0 0.03922071315328133
7 117495667 rs6976111 C A 0.279242 0 0 1 0 0 0.03922071315328133
7 126996837 rs17867832 T G 0.0773021 0 1 0 0 0.08617769624105241 0
7 127164958 rs6467136 A G 0.510594 0 1 0 0 0.009950330853168092 0
7 130027037 rs2268382 A C 0.338112 0 0 1 0 0 0.02955880224154443
7 130437689 rs13233731 G A 0.464136 0 1 0 0 0.04879016416943205 0
7 130457914 rs1562396 A G 0.336326 0 0 1 0 0 0.058268908123975824
7 130466854 rs972283 A G 0.544626 0 1 0 0 0.03922071315328133 0
7 150537635 rs62492368 G A 0.333862 0 0 1 0 0 0.04879016416943205
7 156930550 rs6459733 G C 0.356421 0 0 1 0 0 0.058268908123975824
8 9974824 rs17689007 G A 0.443255 0 0 1 0 0 0.03922071315328133
8 10808687 rs57327348 A T 0.202849 0 0 1 0 0 0.03922071315328133
8 19830921 rs10096633 C T 0.143748 0 0 1 0 0 0.06765864847381486
8 30863938 rs10954772 T C 0.693625 0 0 1 0 0 0.03922071315328133
8 41508577 rs13262861 C A 0.179581 0 0 1 0 0 0.06765864847381486
8 41509915 rs4736819 C T 0.537912 0 0 1 0 0 0.03922071315328133
8 41519248 rs516946 T C 0.751494 0 1 0 0 0.08617769624105241 0
8 41552046 rs148766658 T C 0.0326455 0 0 1 0 0 0.08617769624105241
8 95685147 rs11786992 A C 0.370403 0 0 1 0 0 0.02955880224154443
8 95937502 rs7845219 T C 0.505066 0 1 0 0 0.058268908123975824 0
8 95960511 rs896854 T C 0.519326 0 1 0 0 0.04879016416943205 0
8 95961626 rs10097617 T C 0.535248 0 0 1 0 0 0.03922071315328133
8 96092422 rs187936726 A G 0.0139821 0 0 1 0 0 0.10436001532424286
8 97737741 rs149364428 G A 0.00628272 0 0 1 0 0 0.23901690047049992
8 110123183 rs12680028 C G 0.475393 0 0 1 0 0 0.03922071315328133
8 118185025 rs3802177 G A 0.305682 0 1 1 0 0.131028262406404 0.10436001532424286
8 118404672 rs80244329 G A 0.0222821 0 0 1 0 0 0.10436001532424286
8 128711742 rs17772814 G A 0.06834 0 0 1 0 0 0.0769610411361284
8 129568078 rs1561927 C T 0.724607 0 0 1 0 0 0.03922071315328133
8 145507304 rs4977213 C T 0.632769 0 0 1 0 0 0.04879016416943205
8 145879883 rs12719778 T C 0.469849 0 0 1 0 0 0.03922071315328133
9 3965689 rs510807 C A 0.482122 0 0 1 0 0 0.02955880224154443
9 4243045 rs79103584 T A 0.0108408 0 0 1 0 0 0.131028262406404
9 4287466 rs7041847 A G 0.475962 0 1 0 0 0.03922071315328133 0
9 4291928 rs10974438 A C 0.364475 0 0 1 0 0 0.04879016416943205
9 4292083 rs10758593 G A 0.422559 0 1 0 0 0.058268908123975824 0
9 8369533 rs16927668 C T 0.243271 0 1 0 0 0.03922071315328133 0
9 8879118 rs17584499 C T 0.184062 0 1 0 0 0.0 0
9 19067833 rs7022807 A G 0.396427 0 0 1 0 0 0.03922071315328133
9 20241069 rs7867635 T C 0.440684 0 0 1 0 0 0.03922071315328133
9 20662703 rs7847880 T C 0.86024 0 0 1 0 0 0.03922071315328133
9 22043612 rs1412830 C T 0.341869 0 0 1 0 0 0.03922071315328133
9 22051670 rs944801 G C 0.61275 0 1 0 0 0.0769610411361284 0
9 22133284 rs10965250 G A 0.173221 0 1 0 0 0.17395330712343798 0
9 22133773 rs76011118 G A 0.0321528 0 0 1 0 0 0.10436001532424286
9 22134068 rs10811660 G A 0.174777 0 0 1 0 0 0.23901690047049992
9 22134094 rs10811661 T C 0.174761 0 1 0 0 0.16551443847757333 0
9 22134172 rs10757283 C T 0.448245 0 0 1 0 0 0.10436001532424286
9 22157908 rs1333052 A C 0.3249 0 0 1 0 0 0.02955880224154443
9 22301092 rs1575972 T A 0.0430397 0 0 1 0 0 0.09531017980432493
9 28410683 rs1412234 T C 0.291577 0 0 1 0 0 0.03922071315328133
9 34074476 rs12001437 T C 0.392147 0 0 1 0 0 0.03922071315328133
9 81359113 rs11137820 C G 0.425716 0 0 1 0 0 0.03922071315328133
9 81905590 rs17791513 A G 0.0712812 0 1 1 0 0.11332868530700327 0.09531017980432493
9 81952128 rs13292136 C T 0.0701417 0 1 0 0 0.17395330712343798 0
9 84308948 rs2796441 G A 0.394734 0 1 1 0 0.06765864847381486 0.06765864847381486
9 97001682 rs55653563 A C 0.263767 0 0 1 0 0 0.03922071315328133
9 97497494 rs12236906 T C 0.0148907 0 0 1 0 0 0.13976194237515863
9 136149229 rs505922 T C 0.338713 0 0 1 0 0 0.04879016416943205
9 139235606 rs78403475 G C 0.0948568 0 0 1 0 0 0.058268908123975824
9 139241030 rs28505901 A G 0.746797 0 0 1 0 0 0.08617769624105241
9 139507212 rs11793035 C T 0.634324 0 0 1 0 0 0.03922071315328133
10 6097283 rs12722495 T C 0.0941022 1 0 0 0.46 0 0
10 6122009 rs11594656 T A 0.255759 1 0 0 0.17 0 0
10 12307894 rs11257655 C T 0.220188 0 1 1 0 0.06765864847381486 0.08617769624105241
10 12328010 rs12779790 A G 0.178519 0 1 0 0 0.0769610411361284 0
10 70865342 rs12242953 G A 0.0657838 0 1 0 0 0.06765864847381486 0
10 70931474 rs1802295 C T 0.290099 0 1 0 0 0.0 0
10 71321279 rs177045 A G 0.345935 0 0 1 0 0 0.06765864847381486
10 71321658 rs61850200 G C 0.255097 0 0 1 0 0 0.03922071315328133
10 71332301 rs41277236 C T 0.0451032 0 0 1 0 0 0.08617769624105241
10 71347311 rs549498088 C T 0.00237142 0 0 1 0 0 0.44468582126144574
10 71466578 rs2642588 T G 0.706575 0 0 1 0 0 0.04879016416943205
10 80942631 rs12571751 A G 0.45462 0 1 0 0 0.0769610411361284 0
10 80952826 rs703972 G C 0.447813 0 0 1 0 0 0.06765864847381486
10 81096589 rs1317617 G A 0.220095 0 0 1 0 0 0.03922071315328133
10 89769340 rs11202627 C T 0.139775 0 0 1 0 0 0.058268908123975824
10 90023033 rs10509540 T C 0.268971 1 0 0 0.29 0 0
10 93924663 rs7078559 C T 0.60599 0 0 1 0 0 0.02955880224154443
10 94462427 rs10882101 T C 0.430828 0 0 1 0 0 0.058268908123975824
10 94462882 rs1111875 C T 0.425485 0 1 0 0 0.10436001532424286 0
10 94465559 rs5015480 C T 0.433862 0 1 0 0 0.13976194237515863 0
10 94479107 rs1112718 A G 0.420388 0 0 1 0 0 0.058268908123975824
10 114699835 rs536643418 C G 0.00201725 0 0 1 0 0 0.4054651081081644
10 114702962 rs140242150 G A 0.00448106 0 0 1 0 0 0.3074846997479607
10 114703136 rs7918400 T C 0.515707 0 0 1 0 0 0.058268908123975824
10 114740337 rs184509201 C G 0.0168617 0 0 1 0 0 0.1906203596086497
10 114751173 rs180988137 A G 0.00997844 0 0 1 0 0 0.1570037488096647
10 114757956 rs78025551 C G 0.141608 0 0 1 0 0 0.04879016416943205
10 114758349 rs7903146 C T 0.294487 0 1 1 0 0.3293037471426003 0.3148107398400336
10 114871594 rs34855922 A G 0.271173 0 0 1 0 0 0.04879016416943205
10 122915345 rs72631105 G A 0.189298 0 0 1 0 0 0.058268908123975824
10 124193181 rs2280141 T G 0.499738 0 0 1 0 0 0.04879016416943205
11 1696849 rs2334499 C T 0.414537 0 1 0 0 0.03922071315328133 0
11 1704596 rs12802972 G A 0.421312 0 0 1 0 0 0.02955880224154443
11 2118860 rs11042596 T G 0.659732 0 0 1 0 0 0.03922071315328133
11 2151761 rs555759341 G C 0.00175547 0 0 1 0 0 0.3220834991691132
11 2182224 rs689 A T 0.725547 1 0 0 0.56 0 0
11 2182519 rs571342427 T C 0.000939329 0 0 1 0 0 0.5187937934151675
11 2197286 rs4929965 A G 0.637897 0 0 1 0 0 0.06765864847381486
11 2372356 rs4930091 T C 0.728534 0 0 1 0 0 0.03922071315328133
11 2579163 rs2283164 A G 0.0570989 0 0 1 0 0 0.0769610411361284
11 2634177 rs80102379 G T 0.0182938 0 0 1 0 0 0.13976194237515863
11 2672821 rs231349 C T 0.109239 0 0 1 0 0 0.06765864847381486
11 2691471 rs231362 A G 0.525346 0 1 0 0 0.0769610411361284 0
11 2691500 rs231361 G A 0.254188 0 1 1 0 0.08617769624105241 0.0769610411361284
11 2755548 rs2283220 A G 0.308808 0 0 1 0 0 0.04879016416943205
11 2847069 rs163184 T G 0.492455 0 1 0 0 0.08617769624105241 0
11 2850828 rs234853 G A 0.750493 0 0 1 0 0 0.0769610411361284
11 2857194 rs2237895 A C 0.426979 0 0 1 0 0 0.11332868530700327
11 2858546 rs2237897 C T 0.0533723 0 0 1 0 0 0.20701416938432612
11 2908754 rs445084 A G 0.329381 0 0 1 0 0 0.02955880224154443
11 14763828 rs141521721 C A 0.0198645 0 0 1 0 0 0.12221763272424911
11 17408404 rs5213 C T 0.641654 0 0 1 0 0 0.06765864847381486
11 17408630 rs5215 C T 0.631198 0 1 0 0 0.06765864847381486 0
11 17470143 rs67254669 A G 0.000816138 0 0 1 0 0 0.636576829071551
11 28534898 rs4923543 G A 0.356375 0 0 1 0 0 0.03922071315328133
11 32460873 rs7943101 C T 0.154697 0 0 1 0 0 0.03922071315328133
11 32927778 rs145678014 G T 0.0388512 0 0 1 0 0 0.10436001532424286
11 33091735 rs528122639 G A 0.000708346 0 0 1 0 0 0.7371640659767196
11 34642668 rs286925 A G 0.798183 0 0 1 0 0 0.03922071315328133
11 34982148 rs2767036 C A 0.688466 0 0 1 0 0 0.03922071315328133
11 43877934 rs1061810 C A 0.308208 0 0 1 0 0 0.04879016416943205
11 45912013 rs7115753 A G 0.543748 0 0 1 0 0 0.03922071315328133
11 47529947 rs7124681 C A 0.396812 0 0 1 0 0 0.03922071315328133
11 65294799 rs1783541 C T 0.193502 0 0 1 0 0 0.058268908123975824
11 68997225 rs61881115 G A 0.154712 0 0 1 0 0 0.04879016416943205
11 69448758 rs11820019 T C 0.0339544 0 0 1 0 0 0.14842000511827322
11 72433098 rs1552224 A C 0.146489 0 1 0 0 0.10436001532424286 0
11 72460398 rs77464186 A C 0.149215 0 0 1 0 0 0.10436001532424286
11 92673828 rs1387153 C T 0.285371 0 1 0 0 0.08617769624105241 0
11 92708710 rs10830963 C G 0.27105 0 1 1 0 0.09531017980432493 0.09531017980432493
11 93013531 rs57235767 C T 0.289082 0 0 1 0 0 0.03922071315328133
11 128042575 rs10893829 T C 0.173437 0 0 1 0 0 0.058268908123975824
11 128234144 rs10750397 A G 0.719418 0 0 1 0 0 0.04879016416943205
11 128398938 rs67232546 C T 0.200139 0 0 1 0 0 0.058268908123975824
11 128583975 rs112595469 C T 0.0229751 0 0 1 0 0 0.09531017980432493
12 4031104 rs10848958 C T 0.183723 0 0 1 0 0 0.03922071315328133
12 4300172 rs11063028 T C 0.18457 0 0 1 0 0 0.058268908123975824
12 4374373 rs11063069 A G 0.203881 0 1 0 0 0.0769610411361284 0
12 4376089 rs4238013 C T 0.791146 0 0 1 0 0 0.058268908123975824
12 4384696 rs3217792 C T 0.0884047 0 0 1 0 0 0.11332868530700327
12 4384844 rs76895963 T G 0.0173853 0 0 1 0 0 0.4824261492442928
12 4399050 rs3217860 A G 0.260425 0 0 1 0 0 0.04879016416943205
12 12871099 rs2066827 T G 0.242747 0 0 1 0 0 0.04879016416943205
12 26453283 rs718314 A G 0.255328 0 0 1 0 0 0.04879016416943205
12 27965150 rs10842994 C T 0.192424 0 1 1 0 0.09531017980432493 0.0769610411361284
12 56482180 rs2292239 T G 0.669264 1 0 0 0.3 0 0
12 66174894 rs1531343 G C 0.111503 0 1 0 0 0.13976194237515863 0
12 66192667 rs2612035 A G 0.114521 0 1 0 0 0.11332868530700327 0
12 66212318 rs2261181 C T 0.103218 0 1 0 0 0.12221763272424911 0
12 66221060 rs2258238 A T 0.115676 0 0 1 0 0 0.09531017980432493
12 66358347 rs1042725 C T 0.512304 0 0 1 0 0 0.04879016416943205
12 71433293 rs7955901 C T 0.55733 0 1 0 0 0.06765864847381486 0
12 71522953 rs1796330 G C 0.42259 0 0 1 0 0 0.04879016416943205
12 71634112 rs4760915 T C 0.715122 0 1 0 0 0.058268908123975824 0
12 71634794 rs4760790 A G 0.715199 0 1 0 0 0.09531017980432493 0
12 95928560 rs2197973 C T 0.549938 0 0 1 0 0 0.03922071315328133
12 97779248 rs557027608 G A 0.000215584 0 0 1 0 0 0.85015092936961
12 97848775 rs77864822 A G 0.0630428 0 0 1 0 0 0.0769610411361284
12 108629780 rs1426371 G A 0.270727 0 0 1 0 0 0.04879016416943205
12 118412373 rs34965774 G A 0.147244 0 0 1 0 0 0.058268908123975824
12 118489636 rs12578639 A T 0.174854 0 0 1 0 0 0.03922071315328133
12 121297815 rs11065299 G A 0.0645673 0 0 1 0 0 0.058268908123975824
12 121380541 rs73226260 G A 0.0358485 0 0 1 0 0 0.12221763272424911
12 121416864 rs1800574 C T 0.0266708 0 0 1 0 0 0.131028262406404
12 121426901 rs12427353 G C 0.200062 0 1 0 0 0.0769610411361284 0
12 121432117 rs56348580 G C 0.309178 0 0 1 0 0 0.04879016416943205
12 121460686 rs7957197 T A 0.207592 0 1 0 0 0.0769610411361284 0
12 121501461 rs28638142 C A 0.0430859 0 0 1 0 0 0.0769610411361284
12 121882395 rs73224262 C T 0.0052664 0 0 1 0 0 0.2151113796169455
12 123450765 rs4148856 G C 0.788451 0 0 1 0 0 0.04879016416943205
12 124468572 rs7978610 G C 0.334955 0 0 1 0 0 0.23901690047049992
12 124509177 rs825452 G A 0.583985 0 0 1 0 0 0.03922071315328133
12 133069698 rs12811407 G A 0.307345 0 0 1 0 0 0.04879016416943205
13 26776999 rs34584161 A G 0.235202 0 0 1 0 0 0.04879016416943205
13 31042452 rs11842871 G T 0.238497 0 0 1 0 0 0.03922071315328133
13 33554302 rs576674 G A 0.82045 0 0 1 0 0 0.04879016416943205
13 51096095 rs963740 A T 0.28956 0 0 1 0 0 0.03922071315328133
13 58366634 rs9537803 C T 0.737558 0 0 1 0 0 0.03922071315328133
13 58965435 rs9569864 C T 0.170111 0 0 1 0 0 0.04879016416943205
13 59077406 rs9563615 A T 0.288358 0 0 1 0 0 0.04879016416943205
13 59184234 rs76251711 A G 0.0092701 0 0 1 0 0 0.14842000511827322
13 80717156 rs1359790 G A 0.274577 0 1 1 0 0.0769610411361284 0.08617769624105241
13 109947213 rs7987740 T C 0.390083 0 0 1 0 0 0.03922071315328133
13 110431626 rs4771648 G A 0.316631 0 0 1 0 0 0.03922071315328133
14 23288935 rs17122772 C G 0.201925 0 0 1 0 0 0.03922071315328133
14 33302882 rs17522122 G T 0.473961 0 0 1 0 0 0.03922071315328133
14 38848419 rs8017808 G T 0.258808 0 0 1 0 0 0.03922071315328133
14 69263599 rs1465788 T C 0.717878 1 0 0 0.15 0 0
14 79932041 rs17836088 G C 0.198121 0 0 1 0 0 0.058268908123975824
14 91963722 rs8010382 A G 0.428349 0 0 1 0 0 0.03922071315328133
14 103894071 rs62007683 G T 0.346643 0 0 1 0 0 0.03922071315328133
15 38834033 rs8032939 T C 0.280243 0 0 1 0 0 0.058268908123975824
15 38873115 rs34715063 T C 0.114706 0 0 1 0 0 0.09531017980432493
15 38902476 rs17574546 A C 0.196258 1 0 0 0.13 0 0
15 41809205 rs11070332 G A 0.347259 0 0 1 0 0 0.04879016416943205
15 42201410 rs543786825 C T 0.000230982 0 0 1 0 0 1.1474024528375417
15 53091553 rs2456530 C T 0.134863 0 0 1 0 0 0.058268908123975824
15 53747228 rs528350911 C G 0.00465045 0 0 1 0 0 0.23901690047049992
15 57456802 rs117483894 A G 0.0316446 0 0 1 0 0 0.09531017980432493
15 62383155 rs4502156 T C 0.453095 0 1 0 0 0.058268908123975824 0
15 62391608 rs7163757 C T 0.437173 0 1 0 0 0.058268908123975824 0
15 62394264 rs8037894 G C 0.434601 0 0 1 0 0 0.04879016416943205
15 63871292 rs7178762 C T 0.526532 0 0 1 0 0 0.03922071315328133
15 68080886 rs4776970 A T 0.371235 0 0 1 0 0 0.03922071315328133
15 75932129 rs13737 G T 0.264814 0 0 1 0 0 0.04879016416943205
15 77747190 rs7178572 A G 0.688112 0 1 0 0 0.06765864847381486 0
15 77818128 rs1005752 C A 0.695165 0 0 1 0 0 0.0769610411361284
15 77832762 rs7177055 G A 0.689267 0 1 0 0 0.0769610411361284 0
15 79235446 rs3825932 T C 0.639313 1 0 0 0.15 0 0
15 80432222 rs11634397 A G 0.63785 0 1 0 0 0.04879016416943205 0
15 90345335 rs2007084 G A 0.0721897 0 1 0 0 0.01980262729617973 0
15 90374257 rs2028299 C A 0.723745 0 1 0 0 0.03922071315328133 0
15 90423293 rs4932265 T C 0.74247 0 0 1 0 0 0.06765864847381486
15 91511260 rs12910825 A G 0.403403 0 0 1 0 0 0.04879016416943205
15 91521337 rs8042680 C A 0.358577 0 1 0 0 0.06765864847381486 0
15 91544076 rs12899811 A G 0.340083 0 1 0 0 0.0769610411361284 0
16 295795 rs6600191 T C 0.189467 0 0 1 0 0 0.058268908123975824
16 3583173 rs3751837 C T 0.217924 0 0 1 0 0 0.03922071315328133
16 11179873 rs12708716 A G 0.37701 1 0 0 0.21 0 0
16 28539848 rs4788084 C T 0.407499 1 0 0 0.15 0 0
16 28915217 rs8046545 G A 0.661611 0 0 1 0 0 0.03922071315328133
16 30045789 rs11642430 C G 0.374961 0 0 1 0 0 0.03922071315328133
16 30419384 rs199795270 G C 0.00505082 0 0 1 0 0 0.22314355131420976
16 53501946 rs4281707 G A 0.465199 0 0 1 0 0 0.03922071315328133
16 53758720 rs78020297 G A 0.0544965 0 0 1 0 0 0.08617769624105241
16 53800954 rs1421085 T C 0.399954 0 0 1 0 0 0.12221763272424911
16 53819169 rs9936385 T C 0.401709 0 1 0 0 0.12221763272424911 0
16 53845487 rs11642841 C A 0.388343 0 1 0 0 0.11332868530700327 0
16 69651866 rs862320 C T 0.407099 0 0 1 0 0 0.03922071315328133
16 75234872 rs72802342 C A 0.0766862 0 0 1 0 0 0.1570037488096647
16 75247245 rs7202877 T G 0.102587 1 1 0 0.25 0.11332868530700327 0
16 75516534 rs3115960 G C 0.626147 0 0 1 0 0 0.02955880224154443
16 81534790 rs2925979 T C 0.699507 0 0 1 0 0 0.04879016416943205
16 89564055 rs12920022 T A 0.152602 0 0 1 0 0 0.04879016416943205
17 2216258 rs391300 T C 0.626655 0 1 0 0 0.009950330853168092 0
17 2298974 rs2447090 A G 0.375023 0 1 0 0 0.03922071315328133 0
17 3828086 rs1043246 C G 0.145396 0 0 1 0 0 0.04879016416943205
17 3860356 rs3826482 A T 0.430059 0 0 1 0 0 0.02955880224154443
17 4045440 rs1377807 G C 0.318756 0 0 1 0 0 0.04879016416943205
17 7549681 rs1641523 C T 0.574854 0 0 1 0 0 0.04879016416943205
17 7740170 rs62059712 T C 0.068648 0 0 1 0 0 0.06765864847381486
17 9785187 rs7222481 G C 0.295427 0 0 1 0 0 0.03922071315328133
17 17661802 rs4925109 A G 0.629088 0 0 1 0 0 0.04879016416943205
17 29413019 rs71372253 T C 0.0647059 0 0 1 0 0 0.0769610411361284
17 36046451 rs10962 G C 0.215969 0 0 1 0 0 0.04879016416943205
17 36063685 rs2189301 G A 0.115091 0 0 1 0 0 0.04879016416943205
17 36098040 rs4430796 G A 0.521543 0 1 0 0 0.12221763272424911 0
17 36099840 rs11651755 C T 0.513998 0 1 0 0 0.09531017980432493 0
17 36099952 rs10908278 T A 0.528488 0 0 1 0 0 0.0769610411361284
17 36102381 rs11651052 A G 0.527117 0 1 0 0 0.09531017980432493 0
17 40731411 rs34855406 G C 0.256375 0 0 1 0 0 0.04879016416943205
17 47060322 rs35895680 C A 0.303634 0 0 1 0 0 0.058268908123975824
17 52140805 rs569511541 A G 9.2393e-05 0 0 1 0 0 2.0320878452963655
17 61965043 rs2727301 T C 0.222436 0 0 1 0 0 0.03922071315328133
17 62203304 rs60276348 C T 0.160841 0 0 1 0 0 0.04879016416943205
17 65648427 rs11657492 T G 0.0938405 0 0 1 0 0 0.058268908123975824
17 65820153 rs558308082 G C 0.000508161 0 0 1 0 0 0.712949807856125
17 65892507 rs61676547 G C 0.226856 0 0 1 0 0 0.058268908123975824
18 7070642 rs7240767 T C 0.387404 0 0 1 0 0 0.03922071315328133
18 12809340 rs1893217 A G 0.155159 1 0 0 0.18 0 0
18 36278709 rs62080313 T C 0.132723 0 0 1 0 0 0.058268908123975824
18 52604955 rs76197067 A G 0.00272559 0 0 1 0 0 0.9858167945227654
18 53050646 rs72926932 A C 0.0759162 0 0 1 0 0 0.08617769624105241
18 53452144 rs28719468 T C 0.164952 0 0 1 0 0 0.03922071315328133
18 54675384 rs17684074 G C 0.248337 0 0 1 0 0 0.03922071315328133
18 56876228 rs9957145 G A 0.178596 0 0 1 0 0 0.04879016416943205
18 57848369 rs523288 A T 0.230213 0 0 1 0 0 0.04879016416943205
18 57884750 rs12970134 G A 0.246366 0 1 0 0 0.0769610411361284 0
18 58049192 rs11873305 A C 0.0444564 0 1 0 0 0.16551443847757333 0
18 58056566 rs74452128 C A 0.0202495 0 0 1 0 0 0.13976194237515863
18 60668270 rs10469140 A G 0.503958 0 0 1 0 0 0.02955880224154443
18 60845884 rs12454712 T C 0.375208 0 0 1 0 0 0.04879016416943205
18 67531642 rs763361 T C 0.524623 1 0 0 0.15 0 0
19 4948862 rs7249758 G A 0.200354 0 0 1 0 0 0.04879016416943205
19 5224998 rs116953931 G A 0.0334925 0 0 1 0 0 0.0769610411361284
19 7240848 rs75253922 T C 0.18514 0 0 1 0 0 0.04879016416943205
19 7970635 rs4804833 A G 0.592963 0 0 1 0 0 0.04879016416943205
19 13038415 rs3111316 G A 0.614244 0 0 1 0 0 0.04879016416943205
19 19388500 rs8107974 A T 0.0765938 0 0 1 0 0 0.09531017980432493
19 19396616 rs188247550 C T 0.0153064 0 0 1 0 0 0.13976194237515863
19 19407718 rs10401969 T C 0.076871 0 1 0 0 0.12221763272424911 0
19 33890838 rs10406327 C G 0.460132 0 0 1 0 0 0.03922071315328133
19 33893008 rs3786897 A G 0.407792 0 1 0 0 0.02955880224154443 0
19 33909710 rs8182584 T G 0.610271 0 1 0 0 0.03922071315328133 0
19 45411941 rs429358 T C 0.140838 0 0 1 0 0 0.0769610411361284
19 46157019 rs10406431 A G 0.438913 0 0 1 0 0 0.04879016416943205
19 46158513 rs8108269 T G 0.309624 0 1 0 0 0.06765864847381486 0
19 46178661 rs2238689 T C 0.429766 0 0 1 0 0 0.03922071315328133
19 46351837 rs533172266 C T 0.000354173 0 0 1 0 0 0.8458682675776092
19 47208481 rs425105 T C 0.162689 1 0 0 0.15 0 0
19 47569003 rs3810291 G A 0.646412 0 0 1 0 0 0.04879016416943205
20 1610551 rs2281808 T C 0.683369 1 0 0 0.1 0 0
20 21466795 rs13041756 T C 0.104974 0 0 1 0 0 0.058268908123975824
20 32596704 rs2268078 G A 0.692994 0 0 1 0 0 0.03922071315328133
20 42905415 rs76811102 C T 0.0329689 0 0 1 0 0 0.08617769624105241
20 42989267 rs4812829 G A 0.174007 0 1 0 0 0.058268908123975824 0
20 43001721 rs4810426 C T 0.12065 0 0 1 0 0 0.08617769624105241
20 43023355 rs191830490 G A 0.0039421 0 0 1 0 0 0.2151113796169455
20 43042364 rs1800961 C T 0.028534 0 0 1 0 0 0.16551443847757333
20 43233649 rs11696357 A G 0.0691253 0 0 1 0 0 0.058268908123975824
20 45317678 rs560716466 G A 0.0012935 0 0 1 0 0 0.3074846997479607
20 45598564 rs6063048 G A 0.245273 0 0 1 0 0 0.04879016416943205
20 48832135 rs11699802 C T 0.470326 0 0 1 0 0 0.03922071315328133
20 51223594 rs34454109 A T 0.22085 0 0 1 0 0 0.03922071315328133
20 57394628 rs6070625 C G 0.503388 0 0 1 0 0 0.04879016416943205
20 57551099 rs862016 G A 0.920219 0 0 1 0 0 0.06765864847381486
20 62450664 rs6011155 T C 0.371235 0 0 1 0 0 0.03922071315328133
20 62693175 rs59944054 G A 0.224654 0 0 1 0 0 0.058268908123975824
21 43841328 rs3788013 C A 0.423052 1 0 0 0.12 0 0
22 30581722 rs5753037 C T 0.368848 1 0 0 0.1 0 0
22 30609554 rs6518681 A G 0.924053 0 0 1 0 0 0.08617769624105241
22 32348841 rs117001013 C T 0.0637666 0 0 1 0 0 0.06765864847381486
22 41489920 rs5758223 G A 0.731783 0 0 1 0 0 0.03922071315328133
22 44324730 rs738408 C T 0.234586 0 0 1 0 0 0.04879016416943205
22 50356850 rs1801645 C T 0.740083 0 0 1 0 0 0.03922071315328133
22 50604696 rs112915006 A G 0.0486911 0 0 1 0 0 0.0769610411361284
